0.0 0.0
0.016331307913797416 0.053432453532938594
0.037233215278799914 0.10675105509055795
0.0625374586506082 0.1598750359041361
0.09207916068315158 0.21272465304425672
0.1256968354282765 0.2652213157658388
0.1632323902397818 0.3172877031676978
0.20453112441398477 0.36884787345308584
0.24944172469632614 0.41982736507236923
0.29781625778096366 0.4701532900237469
0.34951015992777834 0.5197544195827277
0.40438222381870126 0.5685612627259065
0.46229458277279006 0.6165061375094885
0.523112692437017 0.6635232356579268
0.5867053100672889 0.7095486806130207
0.6529444715118154 0.7545205792888586
0.7217054660065281 0.7983790677730265
0.7928668088898938 0.8410663512096413
0.8663102123421271 0.882526738094914
0.9419205542514552 0.9227066692111432
1.0195858453078173 0.9615547414203037
1.0991971944220813 0.9990217265336566
1.180648772566606 1.035060585469172
1.263837775130759 1.069626477903911
1.348664382882771 1.102676767623959
1.4350317216271387 1.1341710237699594
1.5228458206446092 1.164071018171802
1.6120155699996401 1.1923407189616047
1.7024526767981347 1.2189462806497144
1.7940716204761094 1.2438560308440858
1.8867896071979353 1.2670404537891369
1.980526523440701 1.2884721708958518
2.07520488883923 1.3081259184307534
2.1707498083643215 1.3259785225271359
2.267088923904711 1.3420088716778542
2.3641523653214254 1.356197886864888
2.4618727010411185 1.3685284894768122
2.560184888253204 1.3789855671613813
2.6590262227736092 1.387555937756426
2.7583362886361686 1.3942283114383818
2.8580569074708193 1.3989932512239287
2.958132087725918 1.4018431319563474
3.0585079737902383 1.4027720979044958
3.1591327950684183 1.4017760190985418
3.2599568150618516 1.3988524465228975
3.360932280505374 1.3940005662832395
3.4620133706082448 1.387221152860766
3.56315614644642 1.378516521563476
3.664318500551308 1.3678904802805896
3.7654601067386184 1.355348280642864
3.86654237021938 1.340896568688147
3.9675283780334105 1.3245433351280664
4.068382849844213 1.306297865308537
4.169072089132519 1.2861706889534028
4.269563934824287 1.2641735297773293
4.36982771338746 1.2403192550509037
4.469834191430226 1.2146218251976704
4.569555528832231 1.1870962434998436
4.6689652324386115 1.1577585059862867
4.768038110345375 1.1266255515733763
4.866750226803324 1.093715212526442
4.965078857766205 1.0590461653064485
5.063002447107658 1.0226378818638437
5.160500563529989 0.9845105814385495
5.25755385818666 0.9446851829223503
5.3541440230391055 0.903183257837188
5.450253749967062 0.8600269839801257
5.545866690650763 0.8152390997831785
5.640967417241648 0.7688428594335044
5.7355413838374965 0.7208619887969496
5.829574888776542 0.6713206421854299
5.9230550377638975 0.6202433600060739
6.0159697078428644 0.5676550273277581
6.10830751222214 0.5135808333981425
6.200057765969299 0.4580462321420761
6.291210452579682 0.4010769036699077
6.381756191428722 0.34269871682196396
6.471686206115095 0.2829376927733196
6.5609922937006315 0.22181996972074905
6.649666794852402 0.15937176867167765
6.737702564891299 0.0956193603528848
6.825092945750351 0.030589033254636588
6.911831738845616 -0.035692937175987725
6.9979131788610465 -0.10320031818080629
7.0833319084483755 -0.1719069481653789
7.168082953842045 -0.24178676399491353
7.252161701388322 -0.3128138271050176
7.33556387498734 -0.3849623484227681
7.418285514445578 -0.4582067120953411
7.500322954736021 -0.532521498025083
7.581672806162279 -0.6078815032115402
7.662331935422301 -0.6842617619025271
7.742297447566902 -0.7616375645578762
7.821566668847302 -0.8399844756309662
7.900137130445647 -0.9192783501746025
7.978006553081723 -0.9994953492792077
8.05517283248844 -1.0806119543526234
8.131634025748461 -1.1626049802521738
8.207388338483371 -1.245451587280856
8.28243411288669 -1.3291292920607938
8.356769816591443 -1.4136159772982275
8.43039403236239 -1.4988899004554685
8.503305448602953 -1.5849297013463213
8.575502850666131 -1.671714408672534
8.646985112958538 -1.7592234455198088
8.717751191826276 -1.8474366338328858
8.78780011921107 -1.9363341978901152
8.857130997064703 -2.025896766798751
8.92574299250963 -2.116105376033118
8.993635333733287 -2.2069414680384614
9.060807306603484 -2.298386891924102
9.127258251991902 -2.390423902270177
9.192987563792743 -2.483035157072855
9.257994687623192 -2.576203714853576
9.32227912019243 -2.669913030958357
9.385840409325562 -2.764146953073733
9.448678154629048 -2.8588897159863755
9.510792008783806 -2.954125935613814
9.57218167945241 -3.0498406023340947
9.63284693178656 -3.1460190736425204
9.692787591521157 -3.242647066163881
9.752003548641213 -3.3397106470488582
9.810494761607922 -3.4371962247834396
9.868261262130329 -3.535090539440358
9.92530316046903 -3.6333806524016667
9.981620651258487 -3.7320539355815994
10.037214019834758 -3.831098060178901
10.092083649055425 -3.9305009849877943
10.146230026598847 -4.0302509442966
10.199653752729967 -4.130336435403037
10.25235554852025 -4.23074620577492
10.30433626450935 -4.331469239884868
10.355596889796677 -4.432494745747343
10.406138561551053 -4.533812141186008
10.455962574927169 -4.635411039859122
10.505070393377762 -4.737281237070238
10.553463659350895 -4.8394126953910614
10.601144205362017 -4.941795530122848
10.648114065430951 -5.044419994622179
10.694375486874414 -5.147276465516431
10.739930942445048 -5.250355427833582
10.784783142808456 -5.353647460070375
10.828935049350328 -5.45714321922218
10.872389887306088 -5.560833425797066
10.915151159206195 -5.664708848835912
10.957222658630767 -5.768760290959475
10.99860848426772 -5.872978573462466
11.039313054269329 -5.977354521473778
11.07934112090269 -6.081878949201007
11.11869778549026 -6.186542645276457
11.157388513637327 -6.291336358220667
11.19541915074397 -6.396250782038468
11.232795937799798 -6.501276541961417
11.269525527460543 -6.606404180349198
11.305615000406284 -6.711624142761457
11.341071881981978 -6.816926764210133
11.375904159121763 -6.922302255601108
11.410120297559251 -7.02774069037258
11.443729259327077 -7.133231991336147
11.476740520549729 -7.238765917725165
11.509164089534615 -7.344332052453404
11.54101052516733 -7.449919789585432
11.572290955617973 -7.555518322018704
11.603017097366402 -7.661116629375492
11.633201274555283 -7.766703466101284
11.662856438680842 -7.872267349764451
11.691996188632318 -7.977796549550212
11.720634791092067 -8.083279074940174
11.748787201309563 -8.188702664566744
11.776469084263471 -8.294054775229931
11.803696836227239 -8.399322571061996
11.830487606754758 -8.50449291282347
11.856859321103904 -8.609552347311997
11.882830703116888 -8.714487096863339
11.908421298577668 -8.819283048921843
11.933651499067894 -8.92392574565536
11.958542566344162 -9.028400373587498
11.983116657260624 -9.13269175321774
12.007396849262381 -9.236784328597725
12.03140716647641 -9.340662156829556
12.055172606428133 -9.444308897449629
12.078719167413205 -9.54770780165908
12.102073876555393 -9.650841701359353
12.125264818583059 -9.753692997948962
12.148321165357974 -9.856243650834841
12.17127320619194 -9.958475165609151
12.194152378988015 -10.06036858183968
12.216991302244764 -10.161904460419215
12.239823807963518 -10.263062870416679
12.26268497550017 -10.363823375369758
12.285611166404669 -10.46416501895618
12.308640060292989 -10.564066309977669
12.331810691798033 -10.663505206587828
12.355163488647532 -10.762459099692135
12.378740310918795 -10.860904795445233
12.402584491521804 -10.958818496767611
12.426740877963951 -11.05617578380072
12.451255875451428 -11.152951593216267
12.476177491384126 -11.249120196292397
12.501555381302643 -11.34465517566606
12.5028151670256 -11.350200329916246
12.503633416954786 -11.355827608368527
12.504005027162236 -11.36150191022689
12.503927679686578 -11.367187841381426
12.50340185699158 -11.372849935183151
12.502430838956725 -11.37845287367131
12.501020682418595 -11.383961707873215
12.499180183390644 -11.389342075802476
12.496920822197062 -11.394560416795844
12.494256691862933 -11.399584180851697
12.491204410207368 -11.404382031664426
12.487783016187949 -11.408924042088236
12.484013851143049 -11.413181880811157
12.47992042567277 -11.41712898907486
12.475528272988887 -11.420740746337962
12.470864789648495 -11.423994623849486
12.465959064664839 -11.426870325174528
12.460841698061255 -11.429349912795612
12.455544609999999 -11.431417920000001
