0.0 0.0
-0.010724358709008374 -0.047456282706343354
-0.01808177325335249 -0.09475258049618258
-0.02215233085962473 -0.1418487995134301
-0.023015275305028397 -0.18870844909243847
-0.020748988602958204 -0.23529848944249288
-0.015430973782587367 -0.2815891833676228
-0.007137838739141143 -0.3275539519564822
0.004054718868257433 -0.3731692341775437
0.018071925694077586 -0.4184143503153506
0.034839945781907446 -0.4632713691840741
0.05428589266051328 -0.5077249790551127
0.07633784048271881 -0.5517623622359773
0.10092483422918871 -0.5953730732381999
0.12797689899898942 -0.6385489204724999
0.1574250484086009 -0.6812838514099532
0.18920129212083875 -0.7235738411483844
0.22323864252494569 -0.7654167843237267
0.2594711205889031 -0.8068123903065736
0.2978337609048045 -0.8477620816246524
0.33826261594793394 -0.888268895552453
0.38069475956997284 -0.9283373888097318
0.4250682897465699 -0.9679735453111168
0.4713223305992834 -1.007184686909539
0.5193970337117155 -1.045979387076712
0.569233578759443 -1.0843673874643773
0.6207741734731398 -1.122359517290539
0.6739620529540888 -1.1599676154953957
0.7287414783610742 -1.1972044556121952
0.7850577349874204 -1.2340836732987195
0.8428571297467718 -1.270619696475616
0.9020869880859633 -1.3068276780182855
0.9626956503431513 -1.3427234309495282
1.024632467569167 -1.3783233660806733
1.0878477968298221 -1.413644432049374
1.1522929960067325 -1.4487040577028012
1.217920418113976 -1.4835200967754087
1.284683405147726 -1.5181107748109979
1.3525362814857824 -1.5524946382792661
1.4214343468537094 -1.586690505837534
1.4913338688741065 -1.620717421688875
1.5621920752152962 -1.6545946109883023
1.6339671453555469 -1.6883414372492427
1.7066182019787097 -1.7219773617029706
1.7801053020169515 -1.7555219045641903
1.85438942735609 -1.788994608156484
1.929432475218752 -1.8224150018517586
2.0051972482404823 -1.8558025687784458
2.0816474442536173 -1.8891767142535811
2.1587476457935897 -1.9225567358944704
2.2364633093421276 -1.9559617953661452
2.3147607543215654 -1.9894108917212303
2.3936071518543076 -2.0229228362894642
2.472970513301289 -2.0565162290745107
2.5528196785930324 -2.0902094366162425
2.6331243043667314 -2.1240205712771942
2.713854851922556 -2.157967471912307
2.794982575012205 -2.1920676858816988
2.876479507472472 -2.2263384523665772
2.9583184507164426 -2.2607966869489835
3.0404729610946957 -2.2954589674165473
3.1229173371386643 -2.330341520753874
3.2056266066981762 -2.365460211282784
3.2885765139848906 -2.4008305299140127
3.371743506533208 -2.4364675844735664
3.4551047220900313 -2.4723860910673916
3.538637975444443 -2.508600366448453
3.6223217452083647 -2.5451243213510004
3.7061351605587936 -2.5819714547570345
3.790057987952243 -2.619154849060728
3.874070617821677 -2.6566871660969125
3.958154051266007 -2.6945806440002618
4.0422898867421555 -2.732847094862373
4.126460306769283 -2.7714979031543345
4.210648064654739 -2.810544024882949
4.294836471251023 -2.849995987449283
4.379009381752769 -2.8898638901786033
4.463151182542755 -2.9301574054914528
4.547246778095471 -2.970885780685895
4.631281577946785 -3.012057840301626
4.715241483737989 -3.0536819890370985
4.799112876342149 -3.0957662151912135
4.882882603080795 -3.138318094601829
4.966537965038389 -3.181344795053597
5.050066704482137 -3.2248530811283382
5.133456992394346 -3.2688493194715713
5.216697416124261 -3.3133394844492527
5.29977696716634 -3.3583291641694775
5.3826850290714185 -3.4038235668441263
5.465411365497282 -3.4498275274661805
5.5479461084047825 -3.4963455147787914
5.630279746405456 -3.5433816385126793
5.712403113266548 -3.590939656869077
5.794307376578829 -3.6390229842257202
5.875984026592754 -3.687634699044081
5.957424865228013 -3.736777551956426
6.038621995261425 -3.786453974011779
6.119567809698051 -3.8366660850604837
6.2002549813298655 -3.8874157022573557
6.28067645248651 -3.938704348664129
6.360825424982156 -3.990533261932263
6.440695350262399 -4.042903403047679
6.520279919754968 -4.095815465119598
6.599573055427686 -4.1492698821960206
6.678568900557038 -4.20326683808897
6.757261810710398 -4.257806275193091
6.835646344944866 -4.312887903281705
6.913717257225328 -4.368511208264901
6.991469488064285 -4.424675460894763
7.06889815638567 -4.481379725403332
7.1459985516147615 -4.538622868059366
7.222766125996016 -4.596403565630521
7.2991964871405 -4.6547203137379904
7.375285390804346 -4.713571435091241
7.451028733899503 -4.772955087590884
7.526422547737776 -4.832869272288284
7.60146299150902 -4.893311841190978
7.676146345994074 -4.954280504903481
7.7504690075128915 -5.015772840093564
7.824427482108031 -5.077786296774565
7.898018379963543 -5.140318205394808
7.971238410059037 -5.203365783725722
8.044084375058514 -5.266926143540691
8.11655316643334 -5.330996297077247
8.188641759818584 -5.39557316327563
8.260347210601607 -5.460653573787323
8.33166664974176 -5.526234278747589
8.402597279819675 -5.592311952306591
8.473136371314524 -5.658883197914157
8.543281259107436 -5.725944553353731
8.61302933920891 -5.793492495521592
8.682378065708075 -5.861523444947879
8.751324947941221 -5.930033770056483
8.819867547876983 -5.999019791161363
8.888003477715275 -6.068477784197312
8.95573039769686 -6.138403984183771
9.023046014120293 -6.2087945884206945
9.089948077562713 -6.279645759416029
9.156434381300738 -6.35095362754485
9.222502759927623 -6.422714293440717
9.288151088162488 -6.494923830120247
9.353377279847294 -6.5675782848425
9.418179287127064 -6.64067368070517
9.482555099808584 -6.714206017980143
9.54650274489261 -6.788171275191444
9.610020286274468 -6.862565409939134
9.673105824607655 -6.9373843594731435
9.735757497324885 -7.012624041021631
9.797973478810794 -7.088280351878829
9.85975198072031 -7.16434916925798
9.921091252436563 -7.240826349915314
9.981989581661832 -7.317707729551659
10.042445295135042 -7.394989121998665
10.10245675946892 -7.472666318197172
10.162022382099824 -7.550735084975751
10.221140612343051 -7.62919116363793
10.27980994254615 -7.70803026836713
10.338028909332646 -7.787248084458816
10.395796094928306 -7.866840266389873
10.453110128561914 -7.9468024357357425
10.509969687932331 -8.027130178946306
10.566373500733317 -8.107819044992043
10.622320346227513 -8.188864542892452
10.677809056860676 -8.270262139139254
10.732838519907101 -8.352007255027393
10.787407679136946 -8.434095263907311
10.84151553649597 -8.516521488372511
10.895161153787981 -8.599281197396925
10.948343654350108 -8.682369603437058
11.001062224710754 -8.765781859514412
11.053316116219959 -8.849513056294207
11.10510464664161 -8.933558219176854
11.156427201696811 -9.01791230541923
11.207283236547418 -9.102570201303166
11.257672277208677 -9.187526719369211
11.307593921879533 -9.272776595734122
11.35704784217914 -9.358314487511073
11.406033784277739 -9.44413497035207
11.454551569909977 -9.530232536132567
11.502601097258504 -9.616601590798709
11.550182341695415 -9.703236452398276
11.597295356369019 -9.790131349316722
11.643940272623098 -9.877280418740334
11.690117300235666 -9.964677705368956
11.735826727464046 -10.05231716040128
11.781068920882802 -10.140192640816146
11.825844325000986 -10.228297908973861
11.870153461644797 -10.316626632561956
11.913996929091681 -10.405172384910403
11.95737540094159 -10.493928645701704
12.000289624711005 -10.582888802101865
12.042740420135026 -10.67204615033867
12.084728677162706 -10.761393897754274
12.12625535363057 -10.850925165359522
12.167321472598996 -10.940632990917965
12.207928119336072 -11.03051033258806
12.24807643793318 -11.120550073152474
12.287767627536436 -11.210745024863948
12.327002938177896 -11.30108793493772
12.365783666190255 -11.391571491720857
12.3682161420173 -11.39671141945157
12.371046658936683 -11.401643353118521
12.374257561273847 -11.4063365292187
12.377828820656482 -11.410761673526862
12.381738160943792 -11.414891183696861
12.385961197176485 -11.418699301434467
12.390471587680768 -11.422162273167675
12.39524119837755 -11.425258498212347
12.400240278272005 -11.42796866350896
12.405437645028815 -11.430275864090035
12.410800879475573 -11.432165708526812
12.416296527821094 -11.433626408697442
12.421890310327285 -11.434648853316755
12.427547335132942 -11.43522666476894
12.433232315895761 -11.435356238888664
12.438909791894933 -11.435036767442467
12.44454434922148 -11.434270243170205
12.450100841676576 -11.433061447355115
12.455544609999999 -11.431417920000001
